


          Parameters of RICH1 :
 ===================================
 rich  900
 ===================================================================================
          RICH1 photon detector data, up and down ( det centres and rot. matrices )
 ===================================================================================
          name  centre-x   -y     -z    rot-matrix

 phot0    Up    569.04    0.00  194.72  0.98877  0.00000 -0.14943  0.00000  1.00000  0.00000  0.14943  0.00000  0.98877
 phot0    Down  569.04    0.00 -194.72  0.98877  0.00000  0.14943  0.00000  1.00000  0.00000 -0.14943  0.00000  0.98877

 ===========================================================================
          RICH1 cathodes data 0-7 and 8-15
 ===========================================================================
        ID   TBname   name   offset-x offset-y offset-z npadx npady padx  pady qz-wind  gap   delta-rot-matrix

 cath   901  RI01P0_u  U01      4.50    95.25    29.76   72   72   0.80   0.80   0.50   3.40  0.00000  0.00000  0.00000  0.00000  0.00000  0.00000  0.00000  0.00000  0.00000
 cath   902  RI01P0_d  U02     -4.50    95.25   -29.76   72   72   0.80   0.80   0.50   3.40  0.00000  0.00000  0.00000  0.00000  0.00000  0.00000  0.00000  0.00000  0.00000
 cath   903  RI01P1_u  U03      4.50    31.75    29.76   72   72   0.80   0.80   0.50   3.40  0.00000  0.00000  0.00000  0.00000  0.00000  0.00000  0.00000  0.00000  0.00000
 cath   904  RI01P1_d  U04     -4.50    31.75   -29.76   72   72   0.80   0.80   0.50   3.40  0.00000  0.00000  0.00000  0.00000  0.00000  0.00000  0.00000  0.00000  0.00000
 cath   905  RI01P2_u  U05      4.50   -31.75    29.76   72   72   0.80   0.80   0.50   3.40  0.00000  0.00000  0.00000  0.00000  0.00000  0.00000  0.00000  0.00000  0.00000
 cath   906  RI01P2_d  U06     -4.50   -31.75   -29.76   72   72   0.80   0.80   0.50   3.40  0.00000  0.00000  0.00000  0.00000  0.00000  0.00000  0.00000  0.00000  0.00000
 cath   907  RI01P3_u  U07      4.50   -95.25    29.76   72   72   0.80   0.80   0.50   3.40  0.00000  0.00000  0.00000  0.00000  0.00000  0.00000  0.00000  0.00000  0.00000
 cath   908  RI01P3_d  U08     -4.50   -95.25   -29.76   72   72   0.80   0.80   0.50   3.40  0.00000  0.00000  0.00000  0.00000  0.00000  0.00000  0.00000  0.00000  0.00000

 cath   909  RI01P4_u  D01     -4.50    95.25    29.76   72   72   0.80   0.80   0.50   3.40  0.00000  0.00000  0.00000  0.00000  0.00000  0.00000  0.00000  0.00000  0.00000
 cath   910  RI01P4_d  D02      4.50    95.25   -29.76   72   72   0.80   0.80   0.50   3.40  0.00000  0.00000  0.00000  0.00000  0.00000  0.00000  0.00000  0.00000  0.00000
 cath   911  RI01P5_u  D03     -4.50    31.75    29.76   72   72   0.80   0.80   0.50   3.40  0.00000  0.00000  0.00000  0.00000  0.00000  0.00000  0.00000  0.00000  0.00000
 cath   912  RI01P5_d  D04      4.50    31.75   -29.76   72   72   0.80   0.80   0.50   3.40  0.00000  0.00000  0.00000  0.00000  0.00000  0.00000  0.00000  0.00000  0.00000
 cath   913  RI01P6_u  D05     -4.50   -31.75    29.76   72   72   0.80   0.80   0.50   3.40  0.00000  0.00000  0.00000  0.00000  0.00000  0.00000  0.00000  0.00000  0.00000
 cath   914  RI01P6_d  D06      4.50   -31.75   -29.76   72   72   0.80   0.80   0.50   3.40  0.00000  0.00000  0.00000  0.00000  0.00000  0.00000  0.00000  0.00000  0.00000
 cath   915  RI01P7_u  D07     -4.50   -95.25    29.76   72   72   0.80   0.80   0.50   3.40  0.00000  0.00000  0.00000  0.00000  0.00000  0.00000  0.00000  0.00000  0.00000
 cath   916  RI01P7_d  D08      4.50   -95.25   -29.76   72   72   0.80   0.80   0.50   3.40  0.00000  0.00000  0.00000  0.00000  0.00000  0.00000  0.00000  0.00000  0.00000

 ===========================================================================
          RICH1 mirror data --- nominal mirror centres and radii
 ===========================================================================
          name     x          y       z(MRS)    Radius

 mirr0    Up     214.420     0.000   160.000   660.000
 mirr0    Down   214.420     0.000  -160.000   660.000

 ===========================================================================
         mirror elements ( MUST follow nominal mirror data ) :
         name    theta     phi   radius    d-the    d-phi  delta  qual notused

 mirr    MT18   87.937   21.846   660.    0.000    0.000   0.0   0.00   1
 mirr    MT17   88.061   17.874   660.    0.000    0.000   0.0   0.00   1
 mirr    MT16   88.161   13.903   660.    0.000    0.000   0.0   0.00   1
 mirr    MT15   88.237    9.931   660.    0.000    0.000   0.0   0.00   1
 mirr    MT14   88.288    5.959   660.    0.000    0.000   0.0   0.00   1
 mirr    MT13   88.313    1.986   660.    0.000    0.000   0.0   0.00   1
 mirr    MT42   88.313   -1.986   660.    0.000    0.000   0.0   0.00   1
 mirr    MT43   88.288   -5.959   660.    0.000    0.000   0.0   0.00   1
 mirr    MT44   88.237   -9.931   660.    0.000    0.000   0.0   0.00   1
 mirr    MT45   88.161  -13.903   660.    0.000    0.000   0.0   0.00   1
 mirr    MT46   88.061  -17.874   660.    0.000    0.000   0.0   0.00   1
 mirr    MT47   87.937  -21.846   660.    0.000    0.000   0.0   0.00   1
    
 mirr    MT12   91.469   19.969   660.    0.000    0.000   0.0   0.00   1
 mirr    MT11   91.582   15.976   660.    0.000    0.000   0.0   0.00   1
 mirr    MT10   91.671   11.983   660.    0.000    0.000   0.0   0.00   1
 mirr    MT9    91.734    7.989   660.    0.000    0.000   0.0   0.00   1
 mirr    MT8    91.772    3.995   660.    0.000    0.000   0.0   0.00   1
 mirr    MT7    91.785    0.000   660.    0.000    0.000   0.0   0.00   1
 mirr    MT37   91.772   -3.995   660.    0.000    0.000   0.0   0.00   1
 mirr    MT38   91.734   -7.989   660.    0.000    0.000   0.0   0.00   1
 mirr    MT39   91.671  -11.983   660.    0.000    0.000   0.0   0.00   1
 mirr    MT40   91.582  -15.976   660.    0.000    0.000   0.0   0.00   1
 mirr    MT41   91.469  -19.969   660.    0.000    0.000   0.0   0.00   1
    
 mirr    MT6    94.867   22.084   660.    0.000    0.000   0.0   0.00   1
 mirr    MT5    94.992   18.071   660.    0.000    0.000   0.0   0.00   1
 mirr    MT4    95.094   14.057   660.    0.000    0.000   0.0   0.00   1
 mirr    MT3    95.170   10.041   660.    0.000    0.000   0.0   0.00   1
 mirr    MT2    95.221    6.025   660.    0.000    0.000   0.0   0.00   1
 mirr    MT1    95.247    2.008   660.    0.000    0.000   0.0   0.00   1
 mirr    MT31   95.247   -2.008   660.    0.000    0.000   0.0   0.00   1
 mirr    MT32   95.221   -6.025   660.    0.000    0.000   0.0   0.00   1
 mirr    MT33   95.170  -10.041   660.    0.000    0.000   0.0   0.00   1
 mirr    MT34   95.094  -14.057   660.    0.000    0.000   0.0   0.00   1
 mirr    MT35   94.992  -18.071   660.    0.000    0.000   0.0   0.00   1
 mirr    MT36   94.867  -22.084   660.    0.000    0.000   0.0   0.00   1
    
 mirr    MT24   98.396   20.187   660.    0.000    0.000   0.0   0.00   1
 mirr    MT23   98.510   16.153   660.    0.000    0.000   0.0   0.00   1
 mirr    MT22   98.599   12.116   660.    0.000    0.000   0.0   0.00   1
 mirr    MT21   98.663    8.078   660.    0.000    0.000   0.0   0.00   1
 mirr    MT20   98.702    4.039   660.    0.000    0.000   0.0   0.00   1
 mirr    MT19   98.715    0.000   660.    0.000    0.000   0.0   0.00   1
 mirr    MT48   98.702   -4.039   660.    0.000    0.000   0.0   0.00   1
 mirr    MT49   98.663   -8.078   660.    0.000    0.000   0.0   0.00   1
 mirr    MT50   98.599  -12.116   660.    0.000    0.000   0.0   0.00   1
 mirr    MT51   98.510  -16.153   660.    0.000    0.000   0.0   0.00   1
 mirr    MT52   98.396  -20.187   660.    0.000    0.000   0.0   0.00   1
    
 mirr    MT30  101.796   22.327   660.    0.000    0.000   0.0   0.00   1
 mirr    MT29  101.923   18.272   660.    0.000    0.000   0.0   0.00   1
 mirr    MT28  102.026   14.214   660.    0.000    0.000   0.0   0.00   1
 mirr    MT27  102.103   10.154   660.    0.000    0.000   0.0   0.00   1
 mirr    MT26  102.155    6.093   660.    0.000    0.000   0.0   0.00   1
 mirr    MT25  102.181    2.031   660.    0.000    0.000   0.0   0.00   1
 mirr    MT53  102.181   -2.031   660.    0.000    0.000   0.0   0.00   1
 mirr    MT54  102.155   -6.093   660.    0.000    0.000   0.0   0.00   1
 mirr    MT55  102.103  -10.154   660.    0.000    0.000   0.0   0.00   1
 mirr    MT56  102.026  -14.214   660.    0.000    0.000   0.0   0.00   1
 mirr    MT57  101.923  -18.272   660.    0.000    0.000   0.0   0.00   1
 mirr    MT58  101.796  -22.327   660.    0.000    0.000   0.0   0.00   1


 mirr    MB18   78.204   22.327   660.    0.000    0.000   0.0   0.00   1
 mirr    MB17   78.077   18.272   660.    0.000    0.000   0.0   0.00   1
 mirr    MB16   77.974   14.214   660.    0.000    0.000   0.0   0.00   1
 mirr    MB15   77.897   10.154   660.    0.000    0.000   0.0   0.00   1
 mirr    MB14   77.845    6.093   660.    0.000    0.000   0.0   0.00   1
 mirr    MB13   77.819    2.031   660.    0.000    0.000   0.0   0.00   1
 mirr    MB42   77.819   -2.031   660.    0.000    0.000   0.0   0.00   1
 mirr    MB43   77.845   -6.093   660.    0.000    0.000   0.0   0.00   1
 mirr    MB44   77.897  -10.154   660.    0.000    0.000   0.0   0.00   1
 mirr    MB45   77.974  -14.214   660.    0.000    0.000   0.0   0.00   1
 mirr    MB46   78.077  -18.272   660.    0.000    0.000   0.0   0.00   1
 mirr    MB47   78.204  -22.327   660.    0.000    0.000   0.0   0.00   1

 mirr    MB12   81.604   20.187   660.    0.000    0.000   0.0   0.00   1
 mirr    MB11   81.490   16.153   660.    0.000    0.000   0.0   0.00   1
 mirr    MB10   81.401   12.116   660.    0.000    0.000   0.0   0.00   1
 mirr    MB9    81.337    8.078   660.    0.000    0.000   0.0   0.00   1
 mirr    MB8    81.298    4.039   660.    0.000    0.000   0.0   0.00   1
 mirr    MB7    81.285    0.000   660.    0.000    0.000   0.0   0.00   1
 mirr    MB37   81.298   -4.039   660.    0.000    0.000   0.0   0.00   1
 mirr    MB38   81.337   -8.078   660.    0.000    0.000   0.0   0.00   1
 mirr    MB39   81.401  -12.116   660.    0.000    0.000   0.0   0.00   1
 mirr    MB40   81.490  -16.153   660.    0.000    0.000   0.0   0.00   1
 mirr    MB41   81.604  -20.187   660.    0.000    0.000   0.0   0.00   1

 mirr    MB6    85.133   22.084   660.    0.000    0.000   0.0   0.00   1
 mirr    MB5    85.008   18.071   660.    0.000    0.000   0.0   0.00   1
 mirr    MB4    84.906   14.057   660.    0.000    0.000   0.0   0.00   1
 mirr    MB3    84.830   10.041   660.    0.000    0.000   0.0   0.00   1
 mirr    MB2    84.779    6.025   660.    0.000    0.000   0.0   0.00   1
 mirr    MB1    84.753    2.008   660.    0.000    0.000   0.0   0.00   1
 mirr    MB31   84.753   -2.008   660.    0.000    0.000   0.0   0.00   1
 mirr    MB32   84.779   -6.025   660.    0.000    0.000   0.0   0.00   1
 mirr    MB33   84.830  -10.041   660.    0.000    0.000   0.0   0.00   1
 mirr    MB34   84.906  -14.057   660.    0.000    0.000   0.0   0.00   1
 mirr    MB35   85.008  -18.071   660.    0.000    0.000   0.0   0.00   1
 mirr    MB36   85.133  -22.084   660.    0.000    0.000   0.0   0.00   1

 mirr    MB24   88.531   19.969   660.    0.000    0.000   0.0   0.00   1
 mirr    MB23   88.418   15.976   660.    0.000    0.000   0.0   0.00   1
 mirr    MB22   88.329   11.983   660.    0.000    0.000   0.0   0.00   1
 mirr    MB21   88.266    7.989   660.    0.000    0.000   0.0   0.00   1
 mirr    MB20   88.228    3.995   660.    0.000    0.000   0.0   0.00   1
 mirr    MB19   88.215    0.000   660.    0.000    0.000   0.0   0.00   1
 mirr    MB48   88.228   -3.995   660.    0.000    0.000   0.0   0.00   1
 mirr    MB49   88.266   -7.989   660.    0.000    0.000   0.0   0.00   1
 mirr    MB50   88.329  -11.983   660.    0.000    0.000   0.0   0.00   1
 mirr    MB51   88.418  -15.976   660.    0.000    0.000   0.0   0.00   1
 mirr    MB52   88.531  -19.969   660.    0.000    0.000   0.0   0.00   1

 mirr    MB30   92.063   21.846   660.    0.000    0.000   0.0   0.00   1
 mirr    MB29   91.939   17.874   660.    0.000    0.000   0.0   0.00   1
 mirr    MB28   91.839   13.903   660.    0.000    0.000   0.0   0.00   1
 mirr    MB27   91.763    9.931   660.    0.000    0.000   0.0   0.00   1
 mirr    MB26   91.712    5.959   660.    0.000    0.000   0.0   0.00   1
 mirr    MB25   91.687    1.986   660.    0.000    0.000   0.0   0.00   1
 mirr    MB53   91.687   -1.986   660.    0.000    0.000   0.0   0.00   1
 mirr    MB54   91.712   -5.959   660.    0.000    0.000   0.0   0.00   1
 mirr    MB55   91.763   -9.931   660.    0.000    0.000   0.0   0.00   1
 mirr    MB56   91.839  -13.903   660.    0.000    0.000   0.0   0.00   1
 mirr    MB57   91.939  -17.874   660.    0.000    0.000   0.0   0.00   1
 mirr    MB58   92.063  -21.846   660.    0.000    0.000   0.0   0.00   1
